387 839262034
387 839262034
399 230231372
399 230231372
399 716249927
399 716249927
399 592363865
399 592363865
387 180010065
387 180010065
399 536988241
399 536988241
387 525897644
387 525897644
399 549247501
399 549247501
387 929315355
387 929315355
355 547425879
355 547425879
399 363186025
399 363186025
387 664845865
387 664845865
387 357683288
387 357683288
399 504600404
399 504600404
403 48081885
403 48081885
355 294845700
355 294845700
387 275946968
387 275946968
365 28159805
365 28159805
450 716296103
450 716296103
355 138307951
355 138307951
365 652597765
365 652597765
481 999675141
387 795775454
387 795775454
399 32836306
399 32836306
435 675270481
435 675270481
373 337913885
373 337913885
403 779284949
403 779284949
481 157062779
481 157062779
443 460001321
443 460001321
359 862306526
359 862306526
399 155008137
399 155008137
387 707421592
387 707421592
359 589379138
359 589379138
357 532830932
357 532830932
481 506690180
481 506690180
367 503796306
367 503796306
481 360985454
481 360985454
413 521201567
413 521201567
446 743704081
446 743704081
413 19505564
413 19505564
399 965857234
399 965857234
357 547312166
357 547312166
455 259495233
455 259495233
355 364910980
355 364910980
399 1912256
399 1912256
387 678817446
355 678817446
480 508470643
480 508470643
399 628950687
399 628950687
403 641511918
403 641511918
586 829121121
586 829121121
399 637656321
399 637656321
453 609718126
453 609718126
457 448668774
457 448668774
446 311336742
446 311336742
384 253187430
384 253187430
449 389321012
449 389321012
484 5482222
484 5482222
413 329418303
413 329418303
586 405142438
586 405142438
387 579305160
387 579305160
446 113553471
510 113553471
489 656782576
489 656782576
421 982462399
421 982462399
528 879000239
528 879000239
359 553145167
359 553145167
481 631354373
481 631354373
457 421220220
457 421220220
474 769304947
474 769304947
457 11302857
457 11302857
387 931263022
387 931263022
398 477406375
398 477406375
586 260830800
586 260830800
528 380407018
528 380407018
510 827302516
510 827302516
387 852426510
387 852426510
365 460656419
375 460656419
399 473237428
399 473237428
355 461706337
355 461706337
399 587884244
399 587884244
524 255868161
524 255868161
387 702688377
387 702688377
378 990458829
378 990458829
403 198020500
403 198020500
540 488183341
540 488183341
544 910941748
544 910941748
378 431275668
378 431275668
461 6709238
461 6709238
387 40275860
387 40275860
359 819591748
359 819591748
512 570229904
512 570229904
524 420422625
585 420422625
414 147622545
414 147622545
530 251321617
530 251321617
476 213685796
476 213685796
399 729358405
399 729358405
357 317588233
357 317588233
492 357695530
368 511801239
368 511801239
446 184688157
446 184688157
564 321273292
564 321273292
530 156986056
530 156986056
585 7468623
585 7468623
485 211560453
485 211560453
480 114712119
480 114712119
367 225243586
367 225243586
313 715072465
313 715072465
399 127362041
399 127362041
500 996542880
500 996542880
399 347807810
399 347807810
479 168210971
479 168210971
500 763608405
500 763608405
597 341222158
597 341222158
463 528524859
463 528524859
597 469248625
597 469248625
413 229789430
413 229789430
368 310509512
368 310509512
413 980736965
413 980736965
463 217735590
463 217735590
439 457721027
439 457721027
531 204484718
531 204484718
367 415128894
367 415128894
467 900722792
467 900722792
546 122040704
546 122040704
313 490081738
313 490081738
590 474625555
590 474625555
399 783512494
399 783512494
433 25078810
433 25078810
637 656652404
637 656652404
417 644671012
417 644671012
417 297946655
417 297946655
606 829999515
606 829999515
478 222281504
478 222281504
545 359820295
545 359820295
313 530594004
313 530594004
484 529459500
484 529459500
503 710354720
503 710354720
453 586020205
453 586020205
596 25565840
596 25565840
562 566111285
562 566111285
687 254271888
687 254271888
558 742307422
558 742307422
687 293857280
687 293857280
703 468389985
703 468389985
683 112991206
683 112991206
607 809778299
607 809778299
630 980596461
630 980596461
531 679579795
531 679579795
387 702413588
387 702413588
696 142024329
696 142024329
596 161099997
596 161099997
503 634879125
503 634879125
